1   60
2   60
3   58
4   60
5   44
6   41
7   53
8   48
9   59
10   60
11   60
12   56
13   60
14   60
15   58
16   58
17   57
18   45
19   59
20   59
21   60
22   56
23   59
24   52
25   60
26   60
27   60
28   59
29   60
30   60
31   60
32   53
33   59
34   59
35   60
36   60
37   59
38   60
39   59
40   60
41   60
42   60
43   59
44   60
45   60
46   60
47   60
48   60
49   60
50   60
51   60
52   60
53   60
54   60
55   60
56   60
57   60
58   58
59   60
60   59
61   60
62   60
63   60
64   60
65   50
66   60
67   60
68   60
69   60
70   60
71   60
72   60
73   60
74   60
75   57
76   60
77   60
78   59
79   60
80   60
81   60
82   60
83   60
84   53
85   60
86   60
87   60
88   60
89   60
90   60
91   60
92   60
93   60
94   60
95   60
96   60
97   59
98   60
99   60
100   60
101   50
102   60
103   60
104   60
105   49
106   60
107   59
108   60
109   60
110   60
111   60
112   60
113   50
114   60
115   59
116   60
117   59
118   60
119   59
120   60
121   60
122   60
123   60
124   59
125   59
126   59
127   60
128   60
129   60
130   60
131   60
132   60
133   60
134   60
135   59
136   60
137   60
138   60
139   60
140   60
141   58
142   60
143   60
144   60
145   60
146   60
147   60
148   60
149   59
150   60
151   51
152   60
153   59
154   60
155   60
156   60
157   59
158   60
159   60
160   59
161   60
162   60
163   60
164   60
165   60
166   59
167   60
168   59
169   59
170   60
171   60
172   60
173   60
174   60
175   60
176   60
177   60
178   56
179   59
180   60
181   59
182   60
183   60
184   60
185   60
186   60
187   50
188   60
189   60
190   58
191   60
192   60
193   60
194   60
195   60
196   59
197   60
198   60
199   60
200   60