1 360
2 360
3 348
4 360
5 264
6 246
7 318
8 288
9 354
10 360
11 360
12 336
13 360
14 360
15 348
16 348
17 342
18 270
19 354
20 354
21 360
22 336
23 354
24 312
25 360
26 360
27 360
28 354
29 360
30 360
31 360
32 318
33 354
34 354
35 360
36 360
37 354
38 360
39 354
40 360
41 360
42 360
43 354
44 360
45 360
46 360
47 360
48 360
49 360
50 360
51 360
52 360
53 360
54 360
55 360
56 360
57 360
58 348
59 360
60 354
61 360
62 360
63 360
64 360
65 300
66 360
67 360
68 360
69 360
70 360
71 360
72 360
73 360
74 360
75 342
76 360
77 360
78 354
79 360
80 360
81 360
82 360
83 360
84 318
85 360
86 360
87 360
88 360
89 360
90 360
91 360
92 360
93 360
94 360
95 360
96 360
97 354
98 360
99 360
100 360
101 300
102 360
103 360
104 360
105 294
106 360
107 354
108 360
109 360
110 360
111 360
112 360
113 300
114 360
115 354
116 360
117 354
118 360
119 354
120 360
121 360
122 360
123 360
124 354
125 354
126 354
127 360
128 360
129 360
130 360
131 360
132 360
133 360
134 360
135 354
136 360
137 360
138 360
139 360
140 360
141 348
142 360
143 360
144 360
145 360
146 360
147 360
148 360
149 354
150 360
151 306
152 360
153 354
154 360
155 360
156 360
157 354
158 360
159 360
160 354
161 360
162 360
163 360
164 360
165 360
166 354
167 360
168 354
169 354
170 360
171 360
172 360
173 360
174 360
175 360
176 360
177 360
178 336
179 354
180 360
181 354
182 360
183 360
184 360
185 360
186 360
187 300
188 360
189 360
190 348
191 360
192 360
193 360
194 360
195 360
196 354
197 360
198 360
199 360
200 360
